1618: 23206 49847
1623: 2232 12915
1626: 46125
1632: 37729 46036
1637: 2543 14954 34445 31628 36011 39739 46527 48590 51612
1650: 586 35888 39962 39961 39960
1651: 3207
1653: 683 13139
1660: 608 397 58 26 20 19819 31706
1670: 18269 46921
1672: 15790 27625 44699
1675: 55426
1678: 654 395 131 1986 3614 3613 3548 13750 21171 39452 51157
1687: 16878 15784 28233 33504
1688: 8885 8409 21339 27273 29854 45777
1689: 7370 10616 10615
1712: 2428 9800 9601 7409 22870 25680 32190 43271
1727: 623 1090 1080 829 4208 4738 4737 14353 13621 13169 13040 12746 12252 17157 19508 18250 17640 28946 37442 42648 44892
1738: 4705 4583 4320 9662 10574 19216 19215 19214 19213 19212 19211 36120 53792 53791
1749: 20028 25305
1751: 15409 30357
1752: 50054
1757: 652 2064 5429 5098 4679 4678 10352 10351 10350 9823 13350 12050 11768 11397 15566 15097 24218
1762: 5427 46333 53593
1763: 1079 804 20257 39270
1764: 696 14098 12074 12073 53519
1766: 383 2667 17117 17102 21601 50500 49723 49325 52376
1781: 4280 6342 5684 5683 5682 26585 30821 38755 38754 46873 49543 48433 53461 52821
1783: 3743 3742 3741 15279 31271 31270
1789: 1934 21178 21177 21160 30526 45315
1790: 2173 5655
1791: 1564 6018 10451 9072 8918 11729 20360 9604 9603
1792: 134 3420 16357 23233 26590 36507
1796: 6501 13863 13862 28827 28605 28604 28603 37491 39976 50605 49498 54672
1798: 151 6081 21589 41705 43099 44795
