1499: 18459
1516: 2130 49063
1590: 779 1496 901 42724 1589 18781 1094 21262
1592: 35330
1593: 1045
1598: 18781
1599: 49636 16753
1600: 2240 1514
1604: 779
1605: 45209
1606: 4039
1609: 5333 3695 5232 5134 4039 3694 49461 5166 4081 4011 50150
1619: 49140
1623: 33961 4255 16128 18312 18143 27062 26759 1528 26766 42966 18144 19219 26224 1788 1518 2249 39636 44825 2243 2240 37835 31405 42898 25843 26757 1531 47518 44831 2242 1500 26765 2237 2258 21277 27536 27191 1526 1501 16618 2244 44839 39939 26594 22760 2251 44840 1512 18313 1770 15849 1736 31126 2254 40070 2261 28151 4214 1539 2253 22045 17046 26762 44580 15643 19227 26764 23970 1505 32797 44158 26169 29359 15848 31808 44845 1541 17686 1547 1503 15071 37279 17930 1525 51691 20773 15942 15846 2262 2246 2266 27761 2250 1548 53207 18311 40174 27708 15847 2236 2248 44826 1543 26763 28334 25707 2245 23935 26268 1516 47913 25694 4031 30790 43532 25667 2241 1510 25715 2257 40115 49880 44602 34434 28150 2252 22791 1521 1509 2255 44832 42873 16490 1546 4774 1041 55662 1507 32305 2268 1502 26758 2239 2256 47960 24036 16710 1514 46768 1544 19228 48386 28965 20720 2247 21856 2238 39557 1045 18169
1630: 41108
1667: 20
1678: 131
1719: 561 48387
1722: 18112
1724: 36694 26940 1149 38705 12259 2052 24915 376 36587 17221 50732 37992 983 4087 21524 14065 30159 54925 2051 36769 14442 54118 48387 42234 14444 561 31053 38706 12623 11511 7779 14084 14436 370 18112 30344
1726: 17157
1740: 6124
1742: 6095 6097 43520 1146 1147 6593 6096 9611 9609 31036 37923 6098
1747: 35630 49726 26228 4651 18543 4648 3644 5138 18569 30123 9895 53454 4771 4772 4647 42540 4649 18972 15804 2445 4718 45340
1748: 6124 24860 4085 52936 12958
1749: 6593
1751: 6098 4084
1765: 34632
1768: 804
1771: 6760 5083 2160 4085 4084 6758 6761 19217 6759 2311
1778: 6053
1782: 37438 37439 37437 37440 37441 5826 6053
1789: 43652 33784 33781 3268 33782 7371 33783
1791: 43855 22016 36151 20203 18455
1796: 41256 39976
1797: 55558 12431
1799: 36291 36290 18508 41256 8404 36289 842 792 8223
1810: 4654 17822 38727 4697 5428 4696
1811: 21839
1812: 41659
1813: 42671
1814: 141 45697
1815: 2590 158
1817: 1212 22962 22963 42078 158 45186 36777 37634 31100 19839 20682 141 33388 35163 22953 22964 121 21839 22954 25946 26301 35151 42671 946
1818: 29974 43458 46133 48508 43215 2590 43459 46277 48574 18825 13975 1377 42404 36777 45697 16828 34342 45778 34608 47203 43460 14860 44247 14703 12882 47020 12802 34332 4010 12742 45888 22514
1819: 43215 29585 6087
1820: 41
1822: 14228
1823: 2275
1824: 40955 39959 41796 39872 39776 35474
1825: 1377
1826: 18247 27681
1827: 8647 16236 10938 10434 39207 26272 46910 36097 10365 35155 47160 31210 53714 4215 27681 8888 4796 10545 11573 50627 9826 8880 12445 9788 9845 2328 10149 1880 11409 3285 11243 2275 47516
1828: 7085
1829: 6838 44247
1830: 44747
1831: 17911 29549 39101 13892 135 37316 13431 37989 5423 8490 8775 13016 22048 19657 2523 18075 17489 9644 2194 40239 17494 17589 12534 12865 10381 25981 13380 42151 39133 47985 13628 12869 15287 14038 12137 38163 40172 53392 41986 13653 42765 15584 14372 47877 23582 34204 13744 17795 8453 50010 51790 37663 8186 9976 6838 45753 13303 13198 20254 21993 26614 30831 17251 53783 15239 29844 13818 15235 14688 15397 17225 18205 32338 29843 13668 12889 53490 28810 36863 13025 15388 37749 17519 13592 13263 47876 12862 28623 41322 13671 53658 6994 32640 20580 8454 12367 49372 12587 15226 16286 39738 9645 13917 17493 37869
1832: 52831 52711 48884 52955 37285 50262 48082 47362 51820 54466 49482 51381 1946 52658 45060 43851 54723 26261
1835: 9245 8088 9247 9238 9255 9253 9205 36990 9216 9223 9250 508 39716 9257 1916 7119 9258 7085 9202 8089 21194 9208 9211 8090 9201 7877 9213 9209 9252 9217 9251 9219 9206 9249 2181 2182 9246 77 32242 1926 513 30376 7876 15697 9212 9239 9236 7372 9221 9254 9242 9248 7183 9237 51995 13707 9240 25344 2081 9204 8429 9241 9214 9243 9244 9210 9222 37625 8091 9256 512 9220 35377
1837: 25580 31103 12313 2194 40283 7007 7513 50965 580 1597 27200 19574 19163 27915 27000 32571 18604 26491 43600 55349
1838: 967
1839: 16023 44747 803 801 38547 802 798 796 53749 797 14330 53779
1840: 700 49850
1841: 3285 917
1842: 25807 50852 23901 45484 20790 18326 55175 50887 17425 14082 1065 932 25525 2147 20761 28908 48383
1843: 30368 18271
1844: 35067 33868 39825 33803 33454 37225 32743 31983 38971 35633 34531 34308 33114 31782 31752 33802 33801 653 38435 34390 34305 33800 33021 29770 39024 38142 33804 37399 39311 33274 31759 34345 34987 33805 33618
1845: 33267 37581 23 34915 202 31839
1846: 2302 40723 1065
1847: 767 16235 29000 768
1848: 644 35111 1289 27924 24026 580 1415 967 47529 1414 14789 22465 18201 786 963 23344 42232 807 17675 810 918 37581 30368 588 47933 31638 1392 48023 888 17879 700 17868 924 821 50164 44899 40723 699 766 1421 564 15493 16023 916 19505 25852 1435 98 1407 872 1023 1394 23342 18186 922 675 653 46 927 24501 50771 1400 16020 47531 1416 28560 1413 43111 17676 35536 47716 1465 914 809 16022 1467 47530 17880 22449 17869 650 23452 917 15499 968 1422 1406 912 883 13771 17565 46675
1849: 2638 2302 15537 52698 29929 18209 20755 45263 30486 22546 2197 40745 29687 32728 48436 34204 28054 37525 34225
1850: 766 25344 44800 28376
1851: 34970 2489 23969 4045 12384 53861 2701 28794 15859 28656 13721 15422 2694 77 11231 13720 21816 10712 12841 701 8118
1852: 2081 203
1853: 50130 1023 15132 9182
1854: 786 205 26289 71 1022 26573 2567 4232 4066 42553 40814
1855: 619 7467
1856: 4423 1382 1684 4426 4463 4431 44791 4415 4469 17033 4456 4496 16944 4418 4425 17313 55012 4407 4432 4443 4471 4476 44778 4470 4434 4458 46347 4439 31390 1219 4416 4410 4421 31522 2486 4474 4428 28823 4402 48872 4419 4487 43076 4498 31217 4424 41503 4467 11171 4447 4422 1383 4459 4462 16393 4494 4404 4457 22320 4490 7550 4413 4486 203 4460 4489 4435 4495 4442 34858 4445 4405 1042 4453 4430 47958 4465 38704 4417 4438 4479 50129 4433 4493 4441 54812 4412 4466 10723 4477 39972 4448 48190 4437 47874 4497 47225 4449 12354 48213 4492 4455 4440 4406 4401 4488 4452 4473 43373 4403 4411 31459 4427 4450 4454 4436 4491 4444 4481 4464 4478 4483 4468 16392 4414 4461 4475 4408 4485 4472 4420 4451 4482 4484 4409 1381 4429 6900 27124 4480 4446
1857: 1480 17780 963 3409
1858: 3166 25833
1859: 5721 23056 17975 2165 53221 54700 98 507 23151 6902 34858 9911 8696 34760 8597 8871 7120 32526 8935 6900 15994
1860: 6688 6902
1861: 2860 23000 2696 2238 24823
1862: 1438
1863: 3526 4761 2291
1864: 4599 1895
1865: 883 83 28885
1867: 2197 3045
1869: 2638 28379 5140 8904 48311 1633
1870: 27894 18857 17832 10547 8993 16826 9150 17798 4968 12051 39460 46597 5096 15203 5097 800 54085 8680 17025 12901 47072 17796 3526 5126 17295 39191 38674 39059 40296 20000 5081 25019 16457 38667 24773 17312 23166 27397 14806 38669 564 11927 11556 41363 15559 44714 48460 46174 19086 18425 38449 38668 34064 8992 799 164 1355 28657 29413 9618 3091 16827 54863 4791 292 26588 46541 17580 5082 14287 17914 41960 8991 53439 20331 11205 18120 3456 27309 48255 52543 39057 10339 33360 2154 33516 1652 55135 29095 10924 16085 3809 7442 1842 11589 14810 22759 11318 46393 12533 28947 3748 1353 19091 52054 11484 19513 11263 3808 30929 28341 15646 5095 23489 2488 32972 36484 14163 45058 14847 39058 54873 46111 83 22908 25371 46180 17660
1871: 28885 18917 17308 35497 37788 55040 42729 43446 43829 40111 38065 4763 43444 43830 42730 43052 9301 225 21521 19002 43445 7381 3044 43054 28696 19778 46569 17553 29042 23718 17482 48630 48795 33582 651 28371 42731 16217 23717 43053 35535 23716 29888 55456 12 15587 43828
1872: 31642 41601 32234 37286 34911 39096 34574 38878 40632 55647 31942 43778 34339 34503 32668 31886 36739 34770 2662 32538 8991 44216 53076 32204 17597 46089 50829 47007 48498 37339 50830 43777 47542 34788 34674 31409 3632 55607 55667 39048 43779 47541 32708
1873: 224
1874: 8993 27 49372
1875: 5231 176 5765 1622
1876: 3773 3251 7247 30165 2158 5810 7556 2565 5840 3053 8585 5693 5692 3188 6050 2885 47095 3172 29888 245 3173 70 3189 1892 8583 17945 3190 32325 5785 5839 3262 3171 17973 5988 93 15948 45333 5814 3184 2874 11622 5783 3179 3176 47411 5786 28781 5838 19841 5809 142 5787 5836 35227 8527 3055 22650 3182 17557 5841 19682 8586 30890 8778 28803 3177 8588 5813 8525 48415 19484 5811 169 2895 7469 7243 7249 3175 20595 31596 3468 19506 7248 5788 19640 3199 7246 3174 51795 16897 2875 26213 8526 8584 26203 1842 3261 3181 5782 5808 5837 20943 50109 7250 7242 5784 5691 3250 7245 18381 26304 2431 5688 47257 8587 5812 8528 48416 1213 26252 15311 5842 3180 1837 76 3191 1044 13486 8589 5690 7244 2572 119 91 3186 30332 1086 48397 47410 33077 3185 49827 357 5689 86
1877: 9164 38221 54687 8416 17557 9166 17517 17533 9169 43610 49487 6470 34451 6558 9167 271 54686 55282 46929 9168 16852 52503 1353 52726 17553 34528 17516 41294 9165 44657 9170 43547 48069
1878: 25767 42486 29452 2426 37425 2327 2425 211 643 4262 177 7118 2534 2715 33325 2427 21770 21932 21771 26285 37627 208 1195 26115 2159 2436 2869 2834 7529 898 17500 432 17416 210 642 21969 2833 2299 37424 32649 38035 2719 28004 1190 2720 38776 2870 2716 2718 3795 55078 179 176 2717 38424 25500 645 1193 21772 4264 1032 19718 17201 30059 20085 209 32939 2460 21968 19580 19717 21773 6354 1093 1144 2366 4263
1879: 15766 4917 4599 163 37981 2158 5202 41127 3616 36221 31274 2860 30211 25001 38049 5978 26299 5642 4960 5140 25579 619 26297 11643 8897 3550 52549 24000 3718 1866 29000 3713 3767 50538 27067 27533 30903 3723 28676 3409 3837 27712 1865 3499 26541 34000 514 4969 21946 8188 28203 21847 814 26001 7381 3699 44992 5231 3724 33500 5352 17665 26287 18000 26002 3622 3712 3716 47584 18640 6737 3717 3720 2786 5118 5830 5709 3795 3711 3710 8384 12234 38567 28811 3615 3806 2788 47629 18645 22787 22451 23000 3700 7481 30100 30606 22000 37807 2787 3166 34920 3045 55648 16804 3719
1880: 7052 10165 2145 119 46409 2870 28054
1881: 8804 12065 25014 1228 10982 5765 2009 2300 33764 2010 46909 3054 18476 48359 14233 944 10458 21153 48881 14157 2485 2088 53633 27575 46408 36520 52948 49773 15711 14156 25053 2355 3704 21604 3620 52893 1227 26812 14158 2739 15995 22728 37816 34828 1587 27537 3091 2740 3332 9824 1253 2087 24923
1882: 23489 3146 8203
1883: 16852 53077 10148 52484
1884: 2802 37027 76 21770 15067 23940 45506 24096 48843
1885: 4059 2399 4207 2166 4062 154 4058 4057 4228 4060 4095
1886: 4758 32382 44920 3255 3326 4043 143 3044 31473 5969 17500 31857 19685 26264 2864 122 153 3168 110 3258 3047 41831 2662 367 3808 2863 3146 24822 15985 3049 224 45509 4223 51537 3469 44139 3058 2996 27 27923 2997 3167 3056 482
1887: 10892 5764 2602 54906 4074 2730 2856 2893 2727 2166 3094 17013 1690 1724 5898 8184 5174 6769 6051 2761 1368 2728 2713 44649 3709 2855 54768 2721 5754 3155 11913 2729 2762 3097 5745 482 711 2842 5228 22454 1207 6073 2841 5746 21438 2764 2857 1848 21440 54668 2722 24830 54745 5175 9780 13434 3813
1888: 25439 24212 8889 19789 8921 8923 8917 8925 48831 8915 8919 19790 24213 17533 24214 8922 7529 20977 8895 8927 8916 8926 6709 1198
1889: 52446 19793 38145 18188 18267 52953 4363 52915 864 52881 51356 28734 38226 52914 2885 5652 308 1998 53397 19634 51548 28146
1890: 6377 26740 13152 4600 8387
1891: 5847 2565 30903 40922 22246 17516 1709 25838 28600 28614
1892: 423 26153 9874 12555 54109 139 18718 8394 54933 32536 53365 1638 11247 55138 21586 2350 26686 356 1644 45335 22357 36453 4295 126 29392 10446 2852 8445 439 30027 53628 18717 49903 41931 18716 2343 7762 8387 34079 3179 5317 108 2845 46290 2097 24951 2346 2345 11656 36905 11413 46220 13795 3776 244 5260 52912 7964 47311 13734 8727 2347 2348 294 5323 537 2344 21769 39718 13735 52253 5148 53444 17398 13152 10984 53328 43724 38071 43725 14254 18291 355 52099 54158 2349 46184 52677 51818 3069 1661 903 52678 10581 51161
1893: 301 11058 790 20302 30393 386 647 698 21242 20596 50215 17241 32649 329 19206 43067 8651 21979 3674 17436 41806 1017 26230 39470 7346 2537 26494 6952 4932 15150 26740 421 18868 14693 17766 39374 47574 9613 7070 30120 1338 53717 44238 7229 772 774 7006 18813 32666 4792 20092 29756 33619 839 11609 14683 10761 3785 17546 23902 21614 8576 36975 864 45573 30191 29376 20641 1057 45009 46922 21788 20234 23917 32954 35546 441 844 14133 8745 44339 492 42704 14152 14240 1308 53859 26459 8859 7071 387 23936 47573 23229 6472 50222 14535 24145 343 51236 18833 20091 854 344 20729 11739 18357 516 20207 875 14062 413 7831 373 438 20031 30143 11565 45438 48297 534 42 36103 43784 44781 52218 7061 281 33939 14522 15555 33979 29208 773 52952 27780 536 322 372 14192 15372 26226 10512 7037 8732 20599 7060 426 23937 873 55485 19750 30650 31128 46824 35265 7318 16837 535 19070 902 1141 885 7334 35266 3429 6953 28190 19398 30598 380 614 425 5272 42276 464 22060 17403 19154 30643 35012 5075 18356 8670 18349 28722 38764
1894: 95 23810 23724 46650 4731 6769 46290 160 91 3055 20199 5323 25570 44255
1895: 2618 463 153 52096 35 53941 35313
1896: 380 169 11556 133
1897: 2381 2334 34467 34465 32488 12089 30853 12454 26027 39757 2876 34113 4930 16578 47325 8147 48900 45839 9790 26223 2227 3162 54408 8649 18881 8377 3006 29135 8644 33432 2569 2806 977 10339 35302 2819 53507 1858 20559 2821 37140 39945 47331 2618 24130 7303 23967 3324 39871 35997 39682 28940 15529 45008 16097 54398 34423 53585 2138 28537 44793 34171 35374 37364 2828 28069 23163 45871 33623 13085 36026 6120 323 11309 5777 17964 7846 39820 20766 5230 37091 34553 53326 32772 35017 17689 8778 2163 39778 11759 3236 21777 27271 32977
1898: 209 10743 29935 36
1899: 165 3703 1213 8665 219
1900: 111 44139 44303 5267 14645 54528 16820 43936
1901: 495 2852 11228 52501 3638 47325
1902: 28865 1142 4709 18883 1298 25282 14838 6984 1376 520 1266 17314 14671 17854
1903: 165 268 2084 498 401 48620 16096 321 6985 10217 26026 14872 38692 14712 215 14868 9905 4382
1904: 25519 48062 2416 1143 48489 9638 1058 23896 19450 47166 48048 19678 4357 14658 1029 45347 21191 1712 2545 54529 16257 17989 13626 27951 219 21192 1074 9639 51105 1655 13949 6319 21163 1730 48321 46819 17992 25319 19467 18532 1202 53124 18586 17621 18697 17990 22104 18003 21174 39868 53965 13951 9637 1162 5312 1449 46747 41051 23075 37885 21017 48047 21164 836 18028 47946 2512 37771 45448 51263 1316 2021 2480 35951 1688 12336 17731 2415 43258 37416 48474 495 48778 26504 1208 21150 21169 42681 50426 5658 220 13950 1053 24988 1669 21970 45364 18271 26624 24459 13947 5104 519 2419 15574 20122 29156 18997 53735 1075 493 687 11051 19466 5737 43161 22566 18199 41667 21159 6455 25581 39159 42565 1055 50630 28693 9262 17991 2305 54068 518 24848 21914 2429 7771 318 53485 494 1163 1160 23976 42690 48172 45197 18401 1187 49973 3174 638 1096 47155 13948 1142 14407 520 52176 14449 21179 21526 8863 50194 1161 7772 18321 53844 21435 24578 21971 2377 45264 17693 215 45487 48564 50113 16259 451 35981 49784 710 21936 6378 18006 50030 18200 47983 37976 36016 32094 720 1164 17732 13952 310 18402 746 54 18826 2152 33609 1083 23076 788 45161 44218 7770 8736 17620 974 43936 33361 55184 14654 525 18062 13819 910 20150 1089 4953 15208 527 18773
1905: 6877 5228 15137 2948
1906: 34717 15077 3797 26998 14848 837 45265 20532 1874 16692 46896 910
1907: 53516 14837 54528 2604 6927 10542 13969 34219 27951 974 33361
1908: 10002 780 49913 41354 1164 26580 26589 1430 20036 39324 45 27805 9385 2641 770 1695 22566 836 5122 30167 34219 1874 14814 17314 4378 837 50361 1924 1190 4513 32466
1909: 21781 780 456 53516 1138 11640 11289 26578 36982 7058 52418 36 5230 1743 3690 5401 35338 47 11502 29472 1804 23218 7423 718 1734 52368 4225 46589 14060 47155 35 4017 35461 6424 42989 11870 26624 1059 17396 7308 159 524 1046 46575 10943 14877 46638 14220 52501 2431 52401 39162 3797 1269 6722 51529
1910: 42379 31945 499 1282 43653 1284 17985 3728 1362 3005 1363 1281 949 42372 19258 4635 4608 950 46011 4230 17744 953 1364 22952 1283 17089 41667 952 951 23677 2273 31676 43194 4532 10776 954 36964 6753 1361 21188 3734 3777 4227 4711 2891 22951
1911: 2637 5247 4734 267 4519 12995 41855 50482 38690 3630 295 23347 12779 3540 13723 4533 15717 53517 22453 4761 13449 243 27726 12654 50172 4518 26581 4549 39042 9792 4550 306 4514 26665 12986 28988 55157 10150 26698 2274 34687 24351 4227 541 4327 29860 14797 1282 45298 19191 40343 35505 51018 10911 12743 55116 47057 1938 45839 26666 24132 12794 51573 53495 3631 50331 2480 10658 283 1719 40544 49487 24348 26662 45271 54932 9190 24133 17176 37990 18836 45297 54120 55114 26663 20600 985 166 13293 2813 3777 6157 3541 43017 43794 1263 3640 53272 42455 24131 1845 40103 3781 11641 12687 43033 15063 40483 26458 26661 3095 24350 12912 2520 45284 14653 986 55115 51391 7517 2450 284 15712 951 311 2775 27432 3734 55113 11052 30188 43432 40168 1188 19680 26472 26664
1912: 1840 18729 16309 51254 48629 10662 6955 4608 44446 31145 39147 16375 14021 47686 45052 48658 17627 952 33041 24377 38650 46674 43430 51440 11626 41414 30365 19697 27220 34265 36225 33603 985 22354 21021 1283 14275 44630 16288 19805 4635 48799 15808 36194 139 47202 34406 54615 4711 43279
1913: 1182 15323 21879 5697 17959 2126 6683 6382 26316 1449 316 126 40108 1450 19142 1159 5781 9879 19706 15288 41619 15075 173 18613 13743 2028 32094 2650 1183 8946 2998 1361 47634 12999 27461 11052
1914: 19149 53097 32014 4251 4285 5165 42332 4653 4394 5079 45936 20125 3608 5114 4360 123 3831 52176 3823 6456 6921 31164 18449 4532 78 49836
1915: 5387 15482 5369 6100 5372 5392 5364 5365 5362 5356 3776 5376 144 5395 5384 2607 5368 5396 5378 5381 5397 5382 5360 388 5371 5366 5379 81 5391 1281 5361 28822 43035 5383 5388 5393 5394 53632 5367 5385 5386 5358 1027 5377 351 5374 5363 5370 5359 5398 6378 5375 51 384 605 5380 5373 2775 5389 5390 5357
1916: 85 852 953 25581 440
1917: 499 8771 9829 10041 11639 24459 288 51263 9663 90 8715 13355 17134 7045 166 62 14396 544 9488 10882
1918: 15284 765 92 37189 29405 36901 954
1919: 1284 26732 172 35164 222 41907 50194 5343 17355 106
1920: 37065 14969 4015 35875 34469 24429 24017 5745 37066 541 4026 30762 29946 34222 34099 29941 35549 30843 37070 29514 7414 41214 39938 4025 41232 28220 3479 37069 1401 543 23727 40739 1362 10429 35877 37071 34300 28863 39868 72 11737 13703 20613 38219 15489 29097 22638 31560
1921: 53021 2640 13937 26977 2702 2070 3796 2057 12225 2020 980 28944 1881 502 4552 29431 1947 15673 2687 3475 4684 1457 7949 1363 2066 1027 9932 1882 2389 1261 15580 45974 28945 1262 1095 3030 29346 10201 3530 2636 19246 3467 38703 1300 3457 385 2783 1239 331 5067
1922: 53765 1154 4015 1872 20049 10337 14838 17089 1364 45265 15137 14837 14868 14848 4789 2391 19805 15077 14797 39339 29052 38777 5670 14877 15284 14872 1267 42804 1156 14407 15234 14814 2499 45264 2393 15575 14220
1923: 19575 53765 5616 54483 54808 49717 5342 2369 47 3796 26265 20265 45 50250 26469 316 55708 544 5343 55454 5340 26273 51 5341 24875 54840 50348 20593 55183 26221 55709
1924: 1154 18883 551 2891 4745 34089 2948 2641 12859 10755 3479 2604 765 26201 501
1925: 6739 38281 53226 46770 54393
1926: 40866 52340 26641 37600 36499 46117 50578 40073 350 35362 42148 18457 38222 49674 14714 26642 50050 12677 47745 389 36122 50781 52141 489 20419 36500 18456 6016 39488 453 37652 52632 352 55364 1602 51332 39490 49267 55513 37824 42689 39489 364 45135
1927: 25791 21989 26298 19638 21593 22367 23532 30753 20045 369 30570 30655 16304
1928: 7365 1872 7805 5803 24460 23934 14757 1076 6992 41883 12932 40165 34522 47939 34732 1267 13441 27771 45199 14734 22848 1077 20047 5675
1929: 32763 40766 6842 40920 14040 50133 52994 38125 33525 6520 22217 39601 6523 6524 7164 6522 45163 30836 44250 34757 26202 2518 44424 52643 24607 6686 6521 7971 96 1814
1930: 22734 4520 8914 54058 4240 22480 46740 4216 19838 22477 37206 20654 9498 23727 23394 47634 22531 22475 9497 22726 28948
1931: 30842
1932: 42259 42183 54479 42254 42236 42182 42227 46121 42188 42664 24570 42196 32759 42243 19655 42209
1933: 15396 15600 50470 12659 52257 55627 33118 26537 47614 33403 48501 9858 15408 46405 9864 10025 54358 12763
1934: 10554 41791 35164
1935: 55610 30516 11357 54339 7369 19578 8690 52091 32532 30515 5315 30514 31124 20616 6452 5241 4400 690 38052 19307 13940 17350 2529 41654 44932 30513 10551 25447 40717 6751 9978 5194 41467 5153 5606 19396 41468 27264 37892 41466 53682 1274 6066
1936: 32959 15482 28271
1937: 8119
1938: 1249
1939: 2814 4300 20601 4217
1940: 13555 605 81 1401 106 29405 331 72 552 123 22448 23713 369 68 2020 25586 51333 31284 363 96 53713 242 2369 53984 85 78 62 19515 90 92 149 551 23712 364 44 24 3475 346 553 21519
1941: 144 5670 17125 26584 34414 6695 805 4368 1245 28939 29220 9830
1943: 17622 2499 53069 1326 231 36017 49908 42213 1324 41818 227 49278 41051 29358 47818 1249 40447 229 46135 42311 16981 32660 50133 28912 19917 53977 22456 41907 40448 42338
1944: 42395 222 47470 27198 351 16517 47229 47523
1945: 748 53042 27079 27684 51530 51549 17469 52776 50905
1946: 17355 50719 3629 24104 14717 41348 35704 20920 24035 50585 18719 19661 50022 41637 42987 43046 28988 25051 41586 35425 5267 1840 52574 31824 29448 50999 51037 18172
1947: 25474 39660 36766 38816 543 34811 39527 1156 39556 33797 39364 23313 13810 12053 39128 14739 33798 36028 35328 33206 29720 38177 29948 12108 26521 38692 4961 29142 25430 26610 26732 39422
1948: 2233 6984 6879 26579 8176 8164 2607 2042 7471 20532 3756 53045 6683 8178 8190 6768 20533 6985 6753 4075 7050 7423 7028 10554 6880 7464 6837 6877 6684 10586 6955 6836 2005 41049 6927 8931 6980
1949: 29190 29322 21647 29133
1950: 50406 32630 50928 51681
1951: 32745 28118 26093 13934 32687 33660 32403 50783
1952: 53734 53655 49931
1953: 24246 18719 546 25051 19660
1954: 41637
1955: 20788 18442 41622 6168 18817 20840 18458 54214 32154 41624 36864 15616 30255 29132 32832 29619 19145 29908 24364 19686 49493 16921 40964 32664 11582 41562 28644 28809 54895 47013 50736 32522 31547 39378 32899 28767 41627 50863 47912 30235 28913
1956: 11163 30647 35198 16921 35807 16799 33482 16612
1957: 27922 863 1155
1958: 25628 51726 31619 22549 22585 50948 30322 51122 51589 51150 27444
1959: 54970 29410 38591 51663 25776
1960: 31661 53102
1961: 38703 30240 2001 16579 32657 21279 17470 51508
1962: 22426 23339 24180 24779 41981 22892 24723 28486
1963: 552 29418 51125 28583 29432 46200 23568 24151 50290 24921
1966: 30493 30722 30728 32395 18768 24558 21439 30234 26292 31587 30140 31286 24395 21897 50103 24196 30398 30458 20212 30764 19471
1967: 29308 28893
1968: 30199 51774 51596 51668 40953 51603
1973: 30979 35078 39229
1974: 50848 32321 50827 32230 54914 44703 363 42951
1975: 33091 6116 42050 33903 22270 29614
1977: 30017
1978: 8199 9194 8673 18431
1980: 7765
1984: 22073 29204 2722 21873 30019 41981 28346 29471
1985: 7068 29553
1986: 20796 19726 50566 23085 28650 31619
1988: 28643 23561 24302 24135
1991: 29559 27444 29503 51310 31262 50571 32004 25629 30399 31979 22559 25035 50441 25627
1992: 33636 33637 33635
2003: 11077
2004: 38203 32511 38127 36489 34271 32603
2005: 48925 27583 48144 38741 51187 31666 19938
2007: 44385 1429 1472 26463
2009: 43668
