23206
34445
31628
36011
39739
46527
4859049847
12915
46125
46036
48590
51612
39960
3207
13139
31706
46921
27625
44699
55426
3613
3548
51157
28233
33504
45777
10615
22870
25680
43271
4208
4738
4737
12746
19508
17640
37442
42648
44892
53792
53791
25305
30357
50054
652
5098
15566
24218
53593
39270
696
14098
53519
49723
49325
52376
6342
30821
38755
38754
46873
49543
48433
53461
52821
31270
45315
5655
9072
8918
9603
36507
6501
13863
13862
28827
28605
28604
28603
37491
39976
50605
49498
54672
44795
